-0.478723999362609766
-0.477333001871819598
0.0337037420925361931
0.145781277934431846
-0.625263116768459518
0.329848268082801592
0.234175795151533730
0.267251126435622921
-0.0575423252068903493
-0.0715948391926166974
0.275361601017173667
-0.532766162856108769
-0.206187572729308167
0.128322982054686276
0.0377023058567476292
0.367977806778982816
-0.529228901058579180
0.237772746526507342
-0.486670624071300027
-0.245831291870208777
-0.802644589265436846
-0.0286846286666808082
-0.0388037780680219217
-0.316010504599276041
-0.474621884551849731
-0.125469404196104240
-0.346236262388613744
-0.350993942449061688
-0.206345045682375719
-0.190068798804079690
0.511205053892476078
0.342873662306890501
-0.195207306409565161
-0.00710385189228774537
-0.471971923796656664
0.486899284571503775
-0.114494145920688980
0.362636029744530275
-0.117627170978665365
-0.827526984353165878
-0.446488702626461915
0.550459967992880468
-0.381101035781100182
0.240414401823607836
-0.415005909478543380
0.225044917951369522
0.359925132693608851
-0.444527291649531106
-0.555059050665265178
0.231611095974714437
0.125613518878194307
-0.0917322280242836642
-0.261647621614224759
-0.179116884090202257
-0.454323014018453964
-0.711369299721906873
-0.298811024012745532
-0.0630871732220783137
-0.635610859024987619
0.0922320858649951729
-0.245831482052945815
0.396075492947185232
-0.0586982702033808733
-0.187613747500740730
-0.188207279133242531
-0.156883501956095666
-0.0572266218574298617
0.426106689372417776
-0.396835085578752740
-0.323026194723849271
-0.0752238650332810545
0.361783226103388542
-0.164403717427340270
-0.186007782682056579
-0.283735031600296312
0.246314745542785475
-0.0891565241120667322
-0.102655454175555591
-0.667754964637671040
0.100445073036468163
-0.0325482842790299268
0.444218104180697448
0.428100558701433619
-0.0109829138539359995
-0.495052722406641590
-0.571337301341422386
0.395465160323604807
0.0407964677800241988
-0.212477277436581967
-0.512923452516276746
-0.423740908626646622
0.580256629396483797
-0.307072933496352350
-0.497707026217675002
-0.220546148065272181
-0.365779269822147713
-0.288980793517545746
-0.0978008494142467312
0.107301869477722722
-0.187640479383017012
-0.689112756292518073
0.326762394196847200
-0.228890062460201277
-0.409559636821650554
-0.398264765819366817
0.0267072391270925083
0.107250155025933343
0.435471491538222142
-0.358027045629982332
0.425186745916723268
-0.455154342124155939
-0.229887594211409323
-0.387027195238192262
-0.122278546397682477
0.0105140987668616739
-0.705777429602490573
-0.216851388467964739
0.337628893351193018
0.835728515304608547
-0.129020227569428193
-0.0147062558760190940
0.184842906211465902
-0.330757908567495111
-0.147746052338490332
-0.422038652765114484
-0.470075607154391243
0.637505176254748323
0.0720265875853122324
-0.205448468835199866
-0.105892224736590021
-0.523338665780907627
0.239716008015397506
0.00696291057107568842
-0.0183257239645211196
0.106511283418684758
-0.382178821210703627
-0.440088449939114047
-0.545903523145537368
-0.323817443993540533
0.290188229896701588
-0.205270848556036937
-0.507416223012995129
0.0600748833772746140
-0.0584304086241792942
-0.176104098305391029
-0.177500945234020036
0.362835456286611502
0.451435870859730420
-0.352537079607020611
-0.0880332425037825176
0.710632152759683360
-0.0725556927895888531
-0.687483583554133817
-0.161935129554189712
-0.182339914118516625
0.142433892789486665
0.0174176213285566311
0.737498302439316942
0.0941127376208019131
-0.175463483965527197
-0.0948601719122280650
-0.390501049301973780
0.202029875765412441
-0.834842155341755088
-0.210579247954071258
-0.414284660113680548
0.322255096831987042
-0.0595036216790705865
-0.263137942217748313
-0.448294100792088843
-0.284103593851216110
0.391689336934401744
-0.684917572840523124
-0.302567947102547917
0.300486819544362173
0.241586969807731995
-0.499363770821468168
-0.347567825131642396
-0.303508309884762843
-0.509166400773592774
-0.118975167157395405
-0.138885805063221159
-0.360445291245632698
-0.0634304860970548017
-0.244501726233487100
0.574161629004639142
0.597638289158751545
0.213144649154615768
-0.0602907428922154496
0.164070830704460130
0.406261920357356072
-0.316189308798835702
-0.424469006424857493
0.517495450261599694
-0.0440442677125176203
0.247686565491576670
-0.723534047317352366
-0.388744265777658567
0.0832719413455379995
-0.407268485603660154
-0.118081003338860149
-0.0768599718559057250
0.282430204536071485
-0.682795538053965806
0.0536226503586816131
0.760757444431429832
-0.346207209984764444
-0.361446847251155788
-0.640712943994258551
0.193981192045622893
-0.362307821025413634
-0.472824150883848082
-0.138687604683113271
-0.380784054739191906
0.237679939449284061
-0.178927880521520513
-0.144884814034474047
-0.407728296766505433
-0.283863803018446834
0.501899463726030147
0.203645189591740306
0.131269392739390108
0.215872986067157609
0.181492614202398466
-0.211620198567532429
-0.0114584030948289218
-0.417415635307347638
-0.00480937312337641425
-0.326099600390932031
0.197011651043004582
0.0171719657977089383
-0.305760182404135643
-0.428825270294493324
-0.267633254864217701
-0.208547534479815221
0.239675435810198353
-0.274665528447907902
0.339332261916516642
-0.492906314491630851
-0.284048214049195355
-0.415748436076157301
0.107940362336520107
0.116845374833729605
-0.425790238753098897
-0.0277317686188912058
0.220797081936671051
-0.0607956182001144452
-0.386012365129312524
-0.0150845264054700047
0.116994614155164785
0.397986394721454669
0.315474778385800926
-0.541018259424910621
-0.462037870983526970
0.217641757674256012
0.646662579772842260
0.500577126878734268
-0.436206915486819483
-0.278733168253588017
0.0451918396803283819
-0.199139673633146101
-0.139824976828691889
0.434953105232983926
-0.354390814954522004
0.603616258742131481
0.330291924773143874
0.0784238855257405207
-0.390260957568720259
0.685541514826913865
0.401683620701806176
-0.143238403636619838
0.390328870328782214
-0.00282098794662612101
-0.490556911726766875
-0.344790602015630381
0.0810245027312522957
0.212020465149696583
0.195052261220322665
0.403282427887218732
-0.0890825701227068522
0.395188959054192210
-0.334121750302515850
0.224724787315919659
-0.444524814682616959
-0.333183976888352907
0.0586729193363534521
0.365331759567523439
-0.542661266304563257
0.0976019724543561929
-0.0835196931809841425
0.652638929909507201
-0.244081903537730535
0.0631876258002906808
0.0873422691504580161
0.0426226614150485353
0.378564525537188488
-0.434713965433326174
-0.151546524677085777
-0.0191971485442532209
0.286868378511618992
-0.313976021476900285
-0.00410398389904117998
0.319072920572753146
0.499568766484891662
-0.666036523341993310
0.386617655664682532
0.127823515992405266
0.0682310733822885085
0.112305045358292607
-0.169629640756957264
-0.306553628814878031
-0.227244838682764077
0.504994783807883175
0.152826450829807344
-0.141449696805129003
0.442538570360982501
0.334968880303890222
0.0223030069930503526
-0.0289527955503765934
-0.794044609501884156
-0.0766444239267735010
0.243845716340526668
-0.711672565749190065
-0.428148161249574019
-0.261941594396557048
-0.489348550522163938
-0.490380392547280008
-0.230395155434386877
-0.638038687796055543
0.396696235325855771
-0.439430312499077765
0.199087243839205944
-0.0379161241644521746
0.651762650992143989
0.0489151105762923289
0.311291170286042313
-0.384777095625757617
0.571349801416873695
0.0386958048949173905
0.377132335046513811
0.438770714745895307
0.0185578161660120442
0.252283567415784268
0.118018279402228512
0.172347683517334104
-0.376967160848896103
0.00381662425920177359
0.0607148568030227001
-0.118620733905836749
-0.664928746896001698
-0.0844076696925411290
-0.110603256034708542
-0.446161363153494987
-0.0937822275525430862
0.714186781199557179
-0.377206346075238750
0.126467319734877951
0.171697038264843355
-0.240235867069106076
-0.308274329633311429
-0.325968147287003866
-0.00304373573522092197
-0.527451806258883176
0.505038591288563269
-0.335540793540397646
0.0740811139046833019
0.554160190820477133
-0.0764848475854238704
0.0795560029430333344
-0.363909655457478231
0.344250834835550464
0.282413789683372712
-0.171336576193760895
-0.206444371928400419
-0.190909168860571123
0.124386588830572909
0.0623793828351631154
-0.556331858361751706
0.576027526283306140
-0.434951837486239325
0.0911392010472042268
-0.143819394600976745
-0.375118294920058289
-0.140026828305182941
-0.174763597482485987
0.346194855055060233
0.268761158605235097
-0.626581907452637738
0.244003154948235645
0.797017773290429962
-0.323101802355608177
0.207462612509065415
-0.0743656517794901406
0.514877576323006144
0.219555670732952585
-0.0202655502404664465
-0.427616923105839262
0.488768195616488420
0.276191033051280633
-0.441970001675331467
0.199868650261521243
-0.543769194949328420
-0.183188298118213015
-0.482541687176172902
-0.401798850292540816
0.419024400783802511
-0.135064502823571864
0.0493881175261140725
0.209149976393488707
0.498771781835556463
-0.383129583879046577
-0.0911196852484406797
0.0272921902400252524
-0.447224260126326385
0.335390252318247403
0.320791544363068661
0.101350604460593900
-0.0431425638001021333
-0.230840721272894397
0.187915722620064717
0.102231954325895628
0.427074257945932955
0.693287783555446059
-0.0560698420355037840
0.148734799088600193
0.0455582429823575933
0.223196619276098027
0.649338978526076264
-0.301301835968131497
0.274857581625744456
0.352437545879014185
-0.0119269786403159953
-0.125077506570639048
0.468317881296678298
-0.191786919878680025
-0.0819540740274392475
-0.439441400891777030
-0.112109420297357661
-0.776527290669691190
-0.154723973941354539
0.367139552368808668
0.0163069825166347949
0.156504580941132306
0.220009343137544523
0.251225628580007482
0.425555850419931076
0.106660381698816014
0.669949868718647631
0.123841970698202892
0.655722630652392959
-0.0634447249123522116
0.198498750939597403
0.219623650073993983
-0.0968575472218655433
-0.203122711979409473
-0.231732117689104113
-0.410232333658100762
0.456097267330587263
-0.178602557879613037
0.161117024643470301
0.114622964725767128
-0.102995954254781060
-0.323346217251392919
-0.198922345731375822
-0.293631444869714883
0.0104479759847535771
0.0460219946171879594
0.329517793280659284
-0.275975909389905024
0.228657849514457516
0.499758737991414200
0.607500124289838634
0.320867265909586512
0.397403297370466452
-0.403278832721449943
0.238254687910060267
0.635262609424741119
-0.202077781042524551
-0.0153677646174932558
-0.645852992134327479
-0.258031505993366538
-0.147601941120360227
0.637407848999656274
0.534949807751910879
0.339400900544605302
-0.790457144083463029
0.131672991872010532
-0.0608937575898844152
0.718864298588993784
0.172734909070441893
0.298513938738329664
-0.0884937261094261345
-0.113801170695447326
0.427128571946662843
-0.529008713289755623
0.102628936336002735
0.349240457052543749
-0.417731738953060658
-0.345498785838256537
0.452453128461620031
0.328519179066938490
-0.595607781992958467
-0.560916412098477331
-0.143098714339591080
-0.711822580075793665
0.0791184676764227940
0.291953360144268981
0.360526461176015479
0.139043754911130495
-0.0209376462165649661
-0.0869367976930626959
0.0308263585562999531
