-4.780726790335026455e-01
-4.771436353430211774e-01
3.393969645113946443e-02
1.460947160604974537e-01
-6.258821241306803396e-01
3.291371174523008980e-01
2.349621882578589172e-01
2.678370512945148496e-01
-5.570148451963027186e-02
-7.255069854560300402e-02
2.753985807928661655e-01
-5.315463321705287125e-01
-2.038063813543655733e-01
1.275780795049550054e-01
4.039960301091198580e-02
3.677411637116079768e-01
-5.317828154772430427e-01
2.381351791756293190e-01
-4.855630284105766914e-01
-2.450982885037364944e-01
-8.029398900865878375e-01
-2.883289578549437515e-02
-3.831296403916045062e-02
-3.160544877980155376e-01
-4.736155537148737937e-01
-1.251382922820782340e-01
-3.446410350871118577e-01
-3.524374329024939634e-01
-2.092580852616380271e-01
-1.905479814447479936e-01
5.100606804887243273e-01
3.441395138827698652e-01
-1.941692993169885362e-01
-5.882369031388442332e-03
-4.712962441868340235e-01
4.872544993710991035e-01
-1.142891754256246672e-01
3.629907783813858813e-01
-1.156457150975369746e-01
-8.278812999239560932e-01
-4.470445182357078440e-01
5.509096085059436154e-01
-3.805536203629034109e-01
2.405918307850043458e-01
-4.127993782268058465e-01
2.225774814842418070e-01
3.614013459766809988e-01
-4.443644658258522062e-01
-5.543936704571270635e-01
2.324563608359137834e-01
1.259139550237050598e-01
-9.013389409187817780e-02
-2.609790489735506203e-01
-1.796197443388224679e-01
-4.544798678947463144e-01
-7.113639364344592764e-01
-3.031294900804696879e-01
-6.527206050044520591e-02
-6.338148430955837798e-01
9.445809186467231389e-02
-2.442017654003826865e-01
4.001648992558735629e-01
-6.087993613925209851e-02
-1.879975128866890333e-01
-1.878285854278644584e-01
-1.551499632643520976e-01
-5.540147621433631070e-02
4.253952126108935805e-01
-3.992960418200398043e-01
-3.227385115680586614e-01
-7.360974129659518528e-02
3.615756279581294752e-01
-1.646428950771308963e-01
-1.852161788741241155e-01
-2.837672104520238547e-01
2.466474112129948826e-01
-9.042756961963181739e-02
-1.022713619547299391e-01
-6.670399988387205603e-01
1.002043906022631048e-01
-3.169702049017938950e-02
4.456914127223428612e-01
4.283146494925129111e-01
-8.545278065251954783e-03
-4.927482541945573113e-01
-5.716698877304354776e-01
3.964769870725319278e-01
3.950771392825967732e-02
-2.133070166452138705e-01
-5.118946087783543542e-01
-4.260438829369224689e-01
5.794582131190206820e-01
-3.075814768872093263e-01
-4.960918881486749421e-01
-2.204467454872576782e-01
-3.671706361981805222e-01
-2.873602173662120340e-01
-9.806349390471320870e-02
1.086329643808469497e-01
-1.885711564245010352e-01
-6.886908110354953427e-01
3.258201164241471548e-01
-2.307123945023260847e-01
-4.106254622323396997e-01
-3.978683043192235425e-01
2.410132371269437662e-02
1.056051766473292824e-01
4.342396950735305516e-01
-3.570821196478963233e-01
4.272102151012572846e-01
-4.560614525124897511e-01
-2.309913430331843598e-01
-3.877756339311875244e-01
-1.233760268808465760e-01
9.822194832254471306e-03
-7.062263955119401082e-01
-2.167736432943280500e-01
3.364614226435330702e-01
8.355858072349240384e-01
-1.305539377503960874e-01
-1.611216246090007784e-02
1.846551824798150221e-01
-3.322545484336388300e-01
-1.487168305084171638e-01
-4.221391403416029919e-01
-4.688868125222477867e-01
6.370518268428936315e-01
7.208201320819682123e-02
-2.051562212496994553e-01
-1.057560267172604762e-01
-5.227731662176232641e-01
2.410828731336162600e-01
6.857949610638387414e-03
-1.953714976456915817e-02
1.046700163560635444e-01
-3.834549217814299249e-01
-4.398198309614376189e-01
-5.464445021982156092e-01
-3.223701066875091503e-01
2.921315352508481178e-01
-2.032280530842229260e-01
-5.094471694635058778e-01
6.232592147422728879e-02
-5.711188578113206293e-02
-1.747684426277928138e-01
-1.779819159877861490e-01
3.629092123825029548e-01
4.521964467809477806e-01
-3.506218934301646439e-01
-8.699682554408397217e-02
7.111124908951178547e-01
-6.995603825066715187e-02
-6.878628287938002295e-01
-1.598288716633234907e-01
-1.811949364823520203e-01
1.432070713229972314e-01
1.806132127725071021e-02
7.381590180591884875e-01
9.413595507004250684e-02
-1.755125144500022938e-01
-9.153766429563298113e-02
-3.890714570225052293e-01
1.981477519595358783e-01
-8.368900862862932444e-01
-2.062698886059806946e-01
-4.153718542034269268e-01
3.252473436790266903e-01
-6.068631830150870293e-02
-2.634853838984972385e-01
-4.472809401036436094e-01
-2.855228553204389175e-01
3.921038606455968245e-01
-6.849508184555695989e-01
-3.022307197499690123e-01
2.994882686422303264e-01
2.401178023439067832e-01
-5.010903577127684416e-01
-3.473776655609920327e-01
-3.040494007799236509e-01
-5.075693079137482133e-01
-1.185425277728733851e-01
-1.383894924794479564e-01
-3.607661833017339337e-01
-6.432427970941016759e-02
-2.454697861911633583e-01
5.738851429635782875e-01
5.978290015972764770e-01
2.104935247389367048e-01
-6.082832619350226483e-02
1.642146677993849557e-01
4.062276994819438714e-01
-3.161932636037027011e-01
-4.227906500793812139e-01
5.170496057161434456e-01
-4.583989896740892772e-02
2.500992535911155112e-01
-7.241690600475766404e-01
-3.880082822639058238e-01
8.292760489523148815e-02
-4.077905243221345843e-01
-1.195261857891695562e-01
-7.723973875381068277e-02
2.850095186621093846e-01
-6.828006861371038738e-01
4.814661951549070729e-02
7.593576000374052670e-01
-3.461006877989812325e-01
-3.635448917610935027e-01
-6.404480221388034744e-01
1.945023659099330005e-01
-3.613129695742787750e-01
-4.727073497043132178e-01
-1.418532521725248130e-01
-3.832311793881897355e-01
2.348016122845240361e-01
-1.779244354762581637e-01
-1.452404822236462445e-01
-4.085201882893972902e-01
-2.839992502882594527e-01
5.011908526940580533e-01
2.035253175191572839e-01
1.300031991013265442e-01
2.119706151958800078e-01
1.808061831372376194e-01
-2.124890868208331174e-01
-9.571452615979969547e-03
-4.176650221833809185e-01
-3.442213077746804177e-03
-3.252427255694603225e-01
1.972511646809710084e-01
1.896286773890034152e-02
-3.067204240860705311e-01
-4.294611838283145522e-01
-2.672323728892470607e-01
-2.068027131763986448e-01
2.407344341552985767e-01
-2.745478389267017039e-01
3.371763289758168969e-01
-4.939360030053110417e-01
-2.842907322026589911e-01
-4.162026454259502017e-01
1.096767881125330774e-01
1.147504198204003512e-01
-4.256212047310032331e-01
-2.712648998608780532e-02
2.181901735043974555e-01
-5.789225548225786916e-02
-3.862904110243263744e-01
-1.800832181205154134e-02
1.145000057085572565e-01
3.979932503527410792e-01
3.154952000648018617e-01
-5.399799542468373126e-01
-4.656519931930017675e-01
2.187720963534298402e-01
6.447939919675109710e-01
5.010118165988720618e-01
-4.366927303625005030e-01
-2.782996314499638357e-01
4.605246756732886415e-02
-1.996366210065666502e-01
-1.434467241183757791e-01
4.356342288902131377e-01
-3.504104509911375454e-01
6.052390610787478087e-01
3.290707965156988157e-01
7.950426116612614724e-02
-3.902883824784633138e-01
6.848629127342953371e-01
4.031095439113525636e-01
-1.427067109789991461e-01
3.916904162063377104e-01
-4.138871928302833604e-03
-4.910440283846942977e-01
-3.421444691967035490e-01
8.031090922393320508e-02
2.119051060223835492e-01
1.922442329478822598e-01
4.041467672345308015e-01
-8.889120334110753308e-02
3.952802482712023946e-01
-3.344108166682325245e-01
2.229094380740029024e-01
-4.464005391425254210e-01
-3.335993689050144595e-01
5.937871149971547108e-02
3.645490657506618715e-01
-5.418470504404400145e-01
9.639896720559266996e-02
-8.578074351714375101e-02
6.534659998946177328e-01
-2.430178473701070929e-01
6.214018899653805245e-02
8.674277133401503415e-02
4.166774467741438115e-02
3.785398111066703430e-01
-4.333061401304542093e-01
-1.524227092868896960e-01
-2.249579646323790830e-02
2.871434497247237760e-01
-3.151181908229183093e-01
-5.365551976371017544e-03
3.194487893868568351e-01
5.006090633747997121e-01
-6.659422503214437183e-01
3.882838896677349716e-01
1.254908146706901206e-01
6.813113256590323796e-02
1.118051940903910940e-01
-1.686462462215926883e-01
-3.075500533974572237e-01
-2.269517347903708959e-01
5.040065205302948215e-01
1.528670434495239261e-01
-1.382684206683645611e-01
4.435080856651987813e-01
3.340196245552910503e-01
2.509350816424563146e-02
-2.931205422589410609e-02
-7.925440867484815355e-01
-7.492411593617520627e-02
2.356412895506103666e-01
-7.133185903775761671e-01
-4.320354719789783471e-01
-2.621458812224604085e-01
-4.872992379504762495e-01
-4.912587978864410010e-01
-2.296322680739137090e-01
-6.380830265367701815e-01
3.955457322108256180e-01
-4.402237418171932037e-01
1.995635014576576660e-01
-3.859078210536212583e-02
6.515655582526241885e-01
4.888832204690482519e-02
3.129906548649031839e-01
-3.824668554817781674e-01
5.722320926374387939e-01
4.122255328936283436e-02
3.760295739492638956e-01
4.386367439706835847e-01
1.876024543721623722e-02
2.552938865272496027e-01
1.170842783822050731e-01
1.724321010525784736e-01
-3.766844065584453727e-01
3.286742026219062994e-03
5.953184797798577454e-02
-1.161096000431572905e-01
-6.658923372398536378e-01
-8.358323815576357285e-02
-1.095227290991485497e-01
-4.488932706230671643e-01
-9.431603793499541977e-02
7.127534949048991431e-01
-3.768676514791656218e-01
1.254202039639234212e-01
1.725072211483469065e-01
-2.396756692051272286e-01
-3.078495476665589203e-01
-3.272198322394758718e-01
-8.325485605361316287e-04
-5.289902747570479624e-01
5.044790877387305139e-01
-3.336619871559841632e-01
7.252223122825926516e-02
5.531633087538002647e-01
-7.781581503890734608e-02
7.906288856064105919e-02
-3.637379179156378650e-01
3.421995904163228630e-01
2.826648961809681837e-01
-1.732943766315044043e-01
-2.060730010136186119e-01
-1.915262359812635595e-01
1.239984070180275705e-01
6.100592870901652004e-02
-5.567685923689933425e-01
5.762897922694329989e-01
-4.327934469382861971e-01
9.032083724408400405e-02
-1.452770346895917997e-01
-3.767192321429558843e-01
-1.404713714865518659e-01
-1.758182466044820591e-01
3.451357730490475784e-01
2.709891360533775995e-01
-6.259776219033476030e-01
2.443092183129670358e-01
7.957358015154596398e-01
-3.241636681576296475e-01
2.088378203876873063e-01
-7.301263187243550723e-02
5.164521675761258868e-01
2.149586319727378181e-01
-2.080152566649277196e-02
-4.265214871458884449e-01
4.914304875356508839e-01
2.742541598190245122e-01
-4.397451588425081437e-01
2.013903534084278135e-01
-5.431741270861525361e-01
-1.817798709251613465e-01
-4.826526472257518519e-01
-4.000109289377466459e-01
4.226019844860031127e-01
-1.342994210616879625e-01
4.778601405494086601e-02
2.092009871215760874e-01
4.983338292185967022e-01
-3.844596704554840150e-01
-8.971451220296237927e-02
2.698988742899543353e-02
-4.472610976702159347e-01
3.333993536085377296e-01
3.212518629781254131e-01
1.035538773176483268e-01
-4.236177784706207650e-02
-2.309034699289990722e-01
1.864466976367593343e-01
9.693056878136457888e-02
4.252701225814032870e-01
6.944115639335016743e-01
-5.470520579959706198e-02
1.485233760876870923e-01
4.423987599128528792e-02
2.246531363408710291e-01
6.486609924362229940e-01
-3.007708768701837232e-01
2.771435327312192221e-01
3.532524620972806728e-01
-9.498746963816006791e-03
-1.251160770271001754e-01
4.681776847876640835e-01
-1.909245543492622543e-01
-8.287344392964635098e-02
-4.399808929697802129e-01
-1.143412098171254637e-01
-7.761485708474431533e-01
-1.531093172762711396e-01
3.671529661268557732e-01
1.369776305221656262e-02
1.569770707593234893e-01
2.215009202070269412e-01
2.516602251230129483e-01
4.254783069751740809e-01
1.064269637120685980e-01
6.698081640416794214e-01
1.236469733519927061e-01
6.555549004601413099e-01
-6.288033021837560743e-02
2.006541825760763398e-01
2.189345662844326412e-01
-9.802250979098282857e-02
-2.039620828852216627e-01
-2.296026088464316051e-01
-4.100818945928395021e-01
4.539459599273115153e-01
-1.791285749316221254e-01
1.611805502733316686e-01
1.197771764109403086e-01
-1.031604375859151573e-01
-3.241168611260222265e-01
-1.976536777701582981e-01
-2.942880362004779982e-01
1.166808702260593161e-02
4.689529512574982378e-02
3.302349147749849001e-01
-2.741256700216951336e-01
2.304828275464743115e-01
5.004541254912501236e-01
6.062186632247356100e-01
3.207698632945777950e-01
3.987762198954668547e-01
-4.011246954707484713e-01
2.394823856284789831e-01
6.366687863197614261e-01
-1.998848377535223098e-01
-1.397610770331598681e-02
-6.469604101958683628e-01
-2.597929376313193317e-01
-1.449910208750418150e-01
6.369646594636662051e-01
5.348477462861651599e-01
3.391184590616970751e-01
-7.903051061716954706e-01
1.322005877263318363e-01
-6.173858663028155419e-02
7.193085126120668527e-01
1.736032966128352728e-01
2.969780777239816594e-01
-8.769664155436221464e-02
-1.139019670173314625e-01
4.266395161676053149e-01
-5.294169351635705789e-01
1.042323642337108919e-01
3.491406098670732927e-01
-4.171375259269330948e-01
-3.456181064218614152e-01
4.528471429110519919e-01
3.285764087703809677e-01
-5.962170116554825761e-01
-5.611939046365574946e-01
-1.439083974058829596e-01
-7.093797211545364023e-01
8.081054073420174122e-02
2.929549258564144720e-01
3.647698995057099269e-01
1.386732634726127456e-01
-2.039249586748925064e-02
-8.591472651906985336e-02
3.069006197449836854e-02
