-0.478710636432614285
-0.477340143634461021
0.0337065927194944876
0.145761625916039493
-0.625298470739288201
0.329815768750659040
0.234152414902089277
0.267229127469145352
-0.0574943101272289693
-0.0715558127589624204
0.275352825577321769
-0.532712148247842317
-0.206175630419987563
0.128329668064399285
0.0376884165635867085
0.367921181614319585
-0.529253158421921570
0.237739782357288108
-0.486659519360254027
-0.245819335828768074
-0.802646853411612147
-0.0286770093383378888
-0.0387954292158091324
-0.316034929005275053
-0.474571896210018200
-0.125459793751088643
-0.346299249909909118
-0.351000267039440057
-0.206408859234950162
-0.190125408476635337
0.511163676931966148
0.342834536716545483
-0.195222282849058818
-0.00712817319754896228
-0.471972708721869864
0.486904946848304307
-0.114469630131088780
0.362611925517711291
-0.117630640174794541
-0.827550741864811230
-0.446496897953566880
0.550441526231583760
-0.381064596124577170
0.240417321272484152
-0.415019602069738067
0.225042132106219227
0.359933585173696905
-0.444569905033136419
-0.555068062226261605
0.231579902012211779
0.125615025412271473
-0.0917479286753846103
-0.261615934219598432
-0.179109671044227765
-0.454332596398113541
-0.711371732698002800
-0.298829645135276830
-0.0630552547233932160
-0.635609148307407765
0.0921741668307559631
-0.245876326681558119
0.396047749917247641
-0.0586215035825362900
-0.187645259381171309
-0.188240882174272528
-0.156906541365631958
-0.0572507186440616941
0.426136828994676804
-0.396812207314614095
-0.323026356877140017
-0.0752026831547147325
0.361820396413079104
-0.164384430452037011
-0.185984920391238700
-0.283744765535323970
0.246291393996340266
-0.0891548583523068104
-0.102658836987205633
-0.667802020817342353
0.100459459509420388
-0.0325882852464097387
0.444242693523129119
0.428104341743156847
-0.0109732096660060689
-0.495023566063960280
-0.571387550071045835
0.395435781321383561
0.0407739495307925687
-0.212457371523226725
-0.512946156634787341
-0.423726686583477918
0.580254245008339864
-0.307771705109845964
-0.497467065504007087
-0.220451178472540332
-0.365489654221160966
-0.288933321509792513
-0.0978220557990878994
0.107292255279365868
-0.187728614468133758
-0.689111545449183693
0.326762407350246892
-0.228883148129693851
-0.409571722643449671
-0.398299927197322504
0.0266741572557345723
0.107226141637917212
0.435459431243032500
-0.358026115766883183
0.425188309771511529
-0.455165370619007361
-0.229913370334369353
-0.386994610672771084
-0.122304090891238252
0.0104887373004364134
-0.705791985328183350
-0.216838735199662628
0.337639867167868477
0.835727146480179076
-0.129084569819728704
-0.0146792639869807400
0.184848695016531650
-0.330696396605456559
-0.147750944699016798
-0.422017995960594621
-0.470090594316145149
0.637514358321798576
0.0720126100229782354
-0.205439865507600351
-0.105811680512942900
-0.523343929740296849
0.239743913346907181
0.00695121581955811978
-0.0183709623377679181
0.106499759765146758
-0.382184142198142475
-0.440092160293884890
-0.545839827844335690
-0.323854893839351465
0.290231303580157126
-0.205310398302033980
-0.507412513160145309
0.0600538478357031335
-0.0584441483354057141
-0.176097999328155117
-0.177537391941823109
0.362833081972345646
0.451414893552093440
-0.352521995973833694
-0.0880405717944893259
0.710620974142491571
-0.0725527292326721757
-0.687479242173304118
-0.161952646033591440
-0.182379752795155437
0.142442844071212000
0.0174064585641576341
0.737476852825596688
0.0940995679798309473
-0.175486457296708680
-0.0948439238469811185
-0.390453691026795044
0.202018275271622987
-0.834855486476206780
-0.210547282346597436
-0.414300357512632216
0.322250990683952865
-0.0595218595592391213
-0.263131720894825330
-0.448319864656424985
-0.284146234294727687
0.391661786182143146
-0.684931263630615536
-0.302610774485568256
0.300457417668739608
0.241565393453515771
-0.499340604926261402
-0.347568786780110931
-0.303550601363713527
-0.509152663458556150
-0.118950037558254026
-0.138855218100003560
-0.360482345874437719
-0.0633854221897613955
-0.244534282186592994
0.574147960650995703
0.597644953187747635
0.213130458685759839
-0.0602828303686079995
0.164069140576437758
0.406240347547176855
-0.316165980779518235
-0.424521433231577317
0.517485566907880167
-0.0440260846111839795
0.247670471806798110
-0.723527063150195935
-0.388760017809470885
0.0832493887771323489
-0.407248798739879023
-0.118070195031197543
-0.0768621812696842789
0.282419118152816805
-0.682801265898092721
0.0535815772413894558
0.760734872738446312
-0.346211868252466682
-0.361458420805220902
-0.640700652996726925
0.193957964154565090
-0.362297644907330818
-0.472848563011838268
-0.138691688455253113
-0.380731991979289025
0.237697490799655192
-0.178901633644097096
-0.144868608966317666
-0.407705775906153058
-0.283875386365454732
0.501871282543453106
0.203631742243993210
0.131258416200069536
0.215880130892923948
0.181493885259131698
-0.211624231002268413
-0.0114619607131949790
-0.417433443046462404
-0.00477332913650607984
-0.326094428576093570
0.196988252536379113
0.0171713479330881616
-0.305747603335225453
-0.428809126161743377
-0.267690519160758702
-0.208600000138778043
0.239644115519653054
-0.274667408268874112
0.339341075151458039
-0.492910065773671265
-0.284010934027902600
-0.415754329470566102
0.107952616602992843
0.116825056787679566
-0.425805032142358761
-0.0277288191234698928
0.220797755142087921
-0.0607752862583695167
-0.386008081562148562
-0.0151078058675553014
0.116965090221701717
0.397969230453730736
0.315469532311572432
-0.541001539287311318
-0.462065345506480743
0.217629621339731218
0.646652191211457665
0.500575713062008941
-0.436194473382800868
-0.278775108778109709
0.0451962771407513989
-0.199154605086025656
-0.139836716730258768
0.434957402732417763
-0.354372424064737737
0.603665534663724945
0.330305284820591018
0.0784573981252364161
-0.390260856706533794
0.685546084806879443
0.401689067920791508
-0.143260383618592673
0.390365999923395601
-0.00283931941523789877
-0.490577202580590194
-0.344775468997612218
0.0810066607435271776
0.212017962848857281
0.195050361927084032
0.403266970773915499
-0.0890616987756401827
0.395212776839116253
-0.334120590203068568
0.224702489111462296
-0.444517807452321618
-0.333186552168886986
0.0586941550366830091
0.365362059530362813
-0.542656586410534821
0.0976300516881674384
-0.0835416506602476721
0.652629734916896928
-0.244062244308878108
0.0631930463979441640
0.0873441610227269554
0.0426115077174243929
0.378541930587998686
-0.434741731975865258
-0.151589647213411592
-0.0192378146402582625
0.286869383787235498
-0.313958716588829494
-0.00411838155572835435
0.319037322750979949
0.499548128192813780
-0.666062390675631617
0.386577958513311347
0.127803743764357080
0.0682492128438538560
0.112315072399599876
-0.169613591985698523
-0.306580886355969534
-0.227230483245525624
0.504986959320769797
0.152797725150750110
-0.141516919643422612
0.442542426391454915
0.334980881955943815
0.0224042843512855454
-0.0288828734973689114
-0.794037419834748323
-0.0766460159040879346
0.243905529863724348
-0.711637925330918719
-0.428114949193156374
-0.261903693821842521
-0.489326951645141439
-0.490418014483065655
-0.230391759186902701
-0.638058392225016889
0.396694102605470202
-0.439430746788808582
0.199079686388553228
-0.0379488833965205415
0.651686555048488318
0.0489327581992581473
0.311337491801047394
-0.384771335185046507
0.571342342868697138
0.0387218285946358796
0.377110409590892098
0.438747932838460783
0.0185873768125884720
0.252308068437162151
0.118031199308691243
0.172364727750331588
-0.376960209018721334
0.00381320169422265910
0.0607097425689284283
-0.119057247868360954
-0.665068776011830326
-0.0834374218234525240
-0.110312186015721192
-0.446244323109073081
-0.0938249826645572132
0.714133447017261801
-0.377188304378152274
0.126453666030711595
0.171694530174090035
-0.240257893059325122
-0.308255931107273827
-0.325984428166022813
-0.00305286342988967540
-0.527400829639799415
0.505070780320585100
-0.335555912978603819
0.0740377463616099590
0.554136428915581510
-0.0764852189691091121
0.0795555467270921611
-0.363924094238615435
0.344235812229714815
0.282411782144349018
-0.171311179830140374
-0.206409456494831051
-0.190921550105871787
0.124395221477002305
0.0624073460309427396
-0.556324145992307802
0.576024362423944536
-0.435005439521843477
0.0911238098516230283
-0.143807226816949631
-0.375118419088612502
-0.140026338972082600
-0.174795801712390896
0.346122261756293609
0.268752623757611822
-0.626618043139654344
0.243960230932110068
0.797032965048659137
-0.323083170994993564
0.207476249081104355
-0.0743714473733040360
0.514916970840664315
0.219493344478464603
-0.0203382307668333311
-0.427608827612028373
0.488736404232537902
0.276192529916546187
-0.441998985143014194
0.199879185518048096
-0.543771264536116787
-0.183184625011403707
-0.482546613107773697
-0.401823165382130547
0.419013547363081153
-0.135116624933520257
0.0493996074625796729
0.209126757213261223
0.498759632056872333
-0.383129351986112814
-0.0911483541347861110
0.0272944566674023847
-0.447246436465223136
0.335387554849997145
0.320804468663230524
0.101394200926063851
-0.0431065264735501660
-0.230867290994154029
0.187927687615970289
0.102178839535561643
0.427088302134967159
0.693287245421987862
-0.0560746392321677866
0.148722102378893989
0.0455826975145217491
0.223179265505319832
0.649328829326034757
-0.301281105687081671
0.274879575277674179
0.352416554295363736
-0.0118689017946646848
-0.125084951764429116
0.468323700777751247
-0.191797525287125152
-0.0819504231747438761
-0.439418140493935144
-0.112098640910256224
-0.776531046213558904
-0.154757908732897107
0.367133740433118284
0.0162765022230301581
0.156505695209896319
0.220015638315192071
0.251218698093531842
0.425569207494299382
0.106693128549878245
0.669963985432677582
0.123855486867872944
0.655708164444349554
-0.0634386632798247950
0.198477806046059512
0.219612187552111660
-0.0968391850360934998
-0.203138053150744459
-0.231775286252521627
-0.410220262694754498
0.456114040537580522
-0.178593840498974031
0.161111965292663910
0.114624025583664726
-0.102974114355028856
-0.323374922900886612
-0.198954628146006860
-0.293623617647454929
0.0104276698462285512
0.0460179314425474065
0.329539708062281406
-0.276007207636836529
0.228646258843477696
0.499783494987697430
0.607502462522757624
0.320857806871180097
0.397429939345006439
-0.403293756375837138
0.238291679152435004
0.635256296786503206
-0.202063693255308655
-0.0153563998626158946
-0.645867604599353267
-0.258038796484812366
-0.147645500731245671
0.637391137524319731
0.534938938284157038
0.339384905733919098
-0.790473991839506566
0.131674420149786163
-0.0609278338916897898
0.718847832693275858
0.172759656409145928
0.298521266465896635
-0.0884206148356907545
-0.113861416043539495
0.427150101092721460
-0.528988958145249626
0.102625324335403396
0.349259839591571938
-0.417721986737484629
-0.345472306669241442
0.452450375591665547
0.328570540496367631
-0.595587916179753214
-0.560911065339210491
-0.143104158785729983
-0.711815291451256441
0.0790913120272893843
0.291980959686056265
0.360556600362904100
0.139073933830208240
-0.0209210236476018016
-0.0869413686859429668
0.0308738173413040856
