-4.831200379257831745e-01
-4.800859993970174044e-01
2.990678227077452414e-02
1.388306336517192152e-01
-6.169255733512921669e-01
3.299312417933621955e-01
2.375507046142899814e-01
2.713189356223845716e-01
-5.628695603391164343e-02
-6.805262531119699032e-02
2.838077394610186155e-01
-5.265141185284619718e-01
-2.095094653724829947e-01
1.286562294438218235e-01
4.989476511158955074e-02
3.678942242407513552e-01
-5.418395649987343132e-01
2.310763159365546437e-01
-4.809433016775924719e-01
-2.497981514814116288e-01
-8.032266830689042125e-01
-2.009638562412136356e-02
-2.810897724116181648e-02
-3.158715048371847356e-01
-4.816985478579954294e-01
-1.146940786106395715e-01
-3.343178059728192930e-01
-3.569092047387681377e-01
-2.015669404271465404e-01
-1.921709364726725544e-01
5.061356464565779367e-01
3.422529819944440388e-01
-1.949771064002152332e-01
-4.204524526651727935e-04
-4.721951786628379999e-01
4.852488824169836623e-01
-1.178825893814809678e-01
3.696973956012497009e-01
-1.074471229232380198e-01
-8.263203186171353964e-01
-4.516684824290257416e-01
5.517181657850830367e-01
-3.755794576168426935e-01
2.442097062809121533e-01
-4.079639049193443112e-01
2.265000786807624122e-01
3.672589186710935594e-01
-4.331673221732109114e-01
-5.507835048000784273e-01
2.388987338410678285e-01
1.267427022148487348e-01
-8.155546524531374908e-02
-2.674109732638523806e-01
-1.769720654840965246e-01
-4.503455455063452018e-01
-7.158994267392524424e-01
-3.175684875044438304e-01
-6.370395378768607675e-02
-6.254766669953487623e-01
9.907475633232490364e-02
-2.443243850941704542e-01
4.055634919777894032e-01
-5.957467889837732289e-02
-1.932055216599138925e-01
-1.887893935251681310e-01
-1.580849678865425545e-01
-4.940370455927644427e-02
4.161688142679335622e-01
-4.024971745455868666e-01
-3.190400630516293523e-01
-7.186359065240793820e-02
3.573835462043803979e-01
-1.654412436696183208e-01
-1.940075965770010347e-01
-2.826989736569679446e-01
2.429151755136226276e-01
-9.261077741586513923e-02
-1.008281124770968179e-01
-6.651162529807849166e-01
9.578310286493266212e-02
-2.485094547969605994e-02
4.439927108059233962e-01
4.341838752830544101e-01
-3.438907014745438105e-03
-4.937565502246622495e-01
-5.650627998193352708e-01
4.054491303370655331e-01
3.580033558521309583e-02
-2.206573412883517937e-01
-5.098347053500092985e-01
-4.306497363344055640e-01
5.755060205841073806e-01
-3.116244244756140036e-01
-4.918872637469954290e-01
-2.280561161826106242e-01
-3.738890138254432616e-01
-2.787734573456100984e-01
-9.633354067043911617e-02
1.152767087232547255e-01
-1.879474447130215775e-01
-6.895571786656479185e-01
3.289045184917396281e-01
-2.275069273650558721e-01
-4.156154072840331226e-01
-3.951693352471096210e-01
1.669235742801301187e-02
1.078315148691014053e-01
4.392384081979507915e-01
-3.523655660574014359e-01
4.346005401160879522e-01
-4.566747004610906546e-01
-2.236563764569456936e-01
-3.916107270108173388e-01
-1.159735703546620755e-01
1.256395834129820331e-02
-6.979307575214569459e-01
-2.076667438661597420e-01
3.337636260772991470e-01
8.363651360570752979e-01
-1.254774732167942830e-01
-1.474704399566965918e-02
1.814020415030912214e-01
-3.403990827299885336e-01
-1.503907077001223058e-01
-4.260705847419697934e-01
-4.719175152519682337e-01
6.332596239227016310e-01
7.024179273865149842e-02
-2.008967085986111123e-01
-1.037633909195134763e-01
-5.256032123896329233e-01
2.414462956598493193e-01
8.567550497739323881e-03
-2.055547105975505731e-02
1.120632610150263248e-01
-3.895543804915549413e-01
-4.363029427920517289e-01
-5.509075567315147026e-01
-3.229839634695017558e-01
2.817752532298513635e-01
-1.916913123691199317e-01
-5.089452257219341247e-01
6.516122442285757210e-02
-6.196802716421160456e-02
-1.733681234782126213e-01
-1.750687669187533380e-01
3.572316440216953826e-01
4.540209335163415405e-01
-3.460501198419431712e-01
-8.216217974893308407e-02
7.094202907450620765e-01
-6.777446491847098631e-02
-6.880962458012499505e-01
-1.582952634827975436e-01
-1.749503776095229224e-01
1.347660847763513525e-01
2.673900163932958415e-02
7.430079690904398682e-01
9.465239643701747752e-02
-1.668055906132075994e-01
-8.363568342945479350e-02
-4.087749844009996303e-01
1.970275151884297582e-01
-8.327656790180737456e-01
-1.961616913680546415e-01
-4.136127531478033803e-01
3.274734900188746578e-01
-5.792314579899465743e-02
-2.715955467922709921e-01
-4.489311353652588599e-01
-2.777432962940885597e-01
3.900559835949484189e-01
-6.768087364606922840e-01
-3.004071529842652910e-01
3.040474497361314032e-01
2.410688471723297088e-01
-5.025134710764082024e-01
-3.484935784379864510e-01
-2.958240999226890988e-01
-5.133058844438583845e-01
-1.190875472250693540e-01
-1.405614716045808787e-01
-3.579287254411638308e-01
-6.763711436695472867e-02
-2.443412766081985155e-01
5.758923613571274025e-01
6.036091442541167140e-01
2.114869703009017443e-01
-5.944269874544973881e-02
1.634333488910472421e-01
4.186321308802901653e-01
-3.164346333374029041e-01
-4.169446256493187786e-01
5.165105645063824413e-01
-3.836452336296226895e-02
2.559889221482493094e-01
-7.246568508843458378e-01
-3.837108879079729196e-01
9.060058140416570038e-02
-4.231002372486268315e-01
-1.166904191237914251e-01
-7.834295772069320429e-02
2.907392821978763697e-01
-6.839333992690553865e-01
4.054828653922362691e-02
7.579554681191532639e-01
-3.448093320435827724e-01
-3.707504387627145181e-01
-6.400874502995750337e-01
1.989986938836450781e-01
-3.549367822241839554e-01
-4.667360866449546397e-01
-1.404985143831785355e-01
-3.884240062455901477e-01
2.408129501975988240e-01
-1.763856445932187877e-01
-1.478057005444640970e-01
-4.059461758619999361e-01
-2.805660298813834608e-01
4.980124054284982282e-01
1.981461343159225674e-01
1.325686856384015455e-01
2.047734437420635767e-01
1.768186088158800739e-01
-2.102285128689132809e-01
-9.152685164850965158e-03
-4.190302618172638272e-01
1.246443771093624084e-04
-3.244441547099896628e-01
1.975797461446467396e-01
2.570523355024835477e-02
-3.084383197797244125e-01
-4.381286558280552690e-01
-2.603964762930425780e-01
-1.984162625584052209e-01
2.366749164634939784e-01
-2.755490868778393554e-01
3.333835504001777528e-01
-4.919895724608652210e-01
-2.880471857903361133e-01
-4.233964195114535145e-01
1.082842972217558514e-01
1.134600056081166569e-01
-4.227929223552877591e-01
-3.671261154463450332e-02
2.149610697210702359e-01
-5.800974290592473409e-02
-3.932114638178850763e-01
-1.392686505819351259e-02
1.106653104565528956e-01
3.946605596528754978e-01
3.259067718359411892e-01
-5.412631429409558992e-01
-4.696995781646334800e-01
2.243618742982953496e-01
6.396742758319520217e-01
5.002326928065182754e-01
-4.325965745248134819e-01
-2.772265610530749158e-01
4.143660549864697923e-02
-1.983766167279981396e-01
-1.464172422248024574e-01
4.380387546498448748e-01
-3.575397447606486478e-01
6.065746603765659328e-01
3.302592747763476999e-01
8.241837356064454778e-02
-3.881235283950025261e-01
6.921869293142386415e-01
3.987020883464252319e-01
-1.494725738560145900e-01
3.758850356544842231e-01
-9.926740601828380403e-03
-4.926064825843444184e-01
-3.329348418940273335e-01
7.551655641646450035e-02
2.043324128588339950e-01
1.912653230260641102e-01
4.099459397848362885e-01
-8.641919021994343142e-02
3.931451914284083693e-01
-3.308137840750238201e-01
2.252778219023835460e-01
-4.482278474024311565e-01
-3.300011878140650112e-01
6.023802894696875937e-02
3.625034008384229733e-01
-5.524423804293223661e-01
1.014225991442541525e-01
-8.149117563199972936e-02
6.544043567445374521e-01
-2.416124357537914047e-01
5.533327235039446623e-02
8.571875007086131315e-02
4.679278528169443507e-02
3.774630282891722199e-01
-4.321334971266415081e-01
-1.460606395102772570e-01
-2.250286136617487068e-02
2.869231419295346641e-01
-3.260301257702435396e-01
-3.337081875141892535e-03
3.222725161083228040e-01
4.995835972431501570e-01
-6.646264848304901385e-01
3.908460290592614128e-01
1.337539625179573755e-01
6.686414640443326396e-02
1.053417575552944574e-01
-1.683949452627139798e-01
-3.007871422216880641e-01
-2.278651167963475777e-01
5.051602971559646660e-01
1.540724140681029031e-01
-1.324739729637701424e-01
4.445004000062940386e-01
3.326985017794930055e-01
3.662609554412220997e-02
-3.034421216757243744e-02
-7.886671019411266581e-01
-7.665453490998226649e-02
2.425229790567936528e-01
-7.141361964753953906e-01
-4.347949857325401068e-01
-2.723912036869989284e-01
-4.853491651815018959e-01
-4.865881459944438880e-01
-2.383134156547077886e-01
-6.399203680311974507e-01
3.978984708323612951e-01
-4.335193904964422806e-01
2.007571236933504144e-01
-3.012707911965928353e-02
6.546656845857665719e-01
4.720536457038024269e-02
3.130171831584430686e-01
-3.820516195451674757e-01
5.710283775997204714e-01
4.389485922012105468e-02
3.738473390777273253e-01
4.391222741591517265e-01
1.575509112498240868e-02
2.592353013947581997e-01
1.046819182246166713e-01
1.776937702447113354e-01
-3.736016721763086856e-01
4.440255125686172998e-03
5.949398726326405457e-02
-1.202843716303401561e-01
-6.624242925185215292e-01
-6.723790719251038217e-02
-1.064863442197122728e-01
-4.464258783062128311e-01
-8.844324737312400653e-02
7.195093617963339572e-01
-3.736044062016758427e-01
1.203294664047218770e-01
1.773428073964495866e-01
-2.347259035060554611e-01
-3.013490413095649689e-01
-3.336308174124753556e-01
-1.922173209308700908e-03
-5.304365791568336208e-01
4.963147844502027173e-01
-3.294849924751820924e-01
8.040553756851200051e-02
5.557238277374519919e-01
-6.732412764794247495e-02
7.357788524829327048e-02
-3.652616010635946764e-01
3.541527428023177881e-01
2.857832508773363589e-01
-1.879277124850423364e-01
-2.086036491169807883e-01
-1.928835037249158335e-01
1.191166434598354140e-01
6.358227078486160255e-02
-5.559869084662182326e-01
5.777886266680373195e-01
-4.258909237058482455e-01
9.010615760443112243e-02
-1.426207619624824674e-01
-3.716087979541290442e-01
-1.524898514009279671e-01
-1.747838732588635202e-01
3.555521588518566478e-01
2.744284470065201376e-01
-6.180945785840281648e-01
2.404818626965786743e-01
7.917719612668585594e-01
-3.210543427089571633e-01
2.176764202935981274e-01
-7.108521144595041086e-02
5.153411193079923125e-01
2.269684602153264619e-01
-1.674555425919235785e-02
-4.229074048868582403e-01
4.980050797023210518e-01
2.814101192100345594e-01
-4.359951705086719254e-01
1.948973890028267986e-01
-5.452517042610295350e-01
-1.811738020455796461e-01
-4.872746712711114592e-01
-4.084756209762723245e-01
4.220391325358573975e-01
-1.386579799731053053e-01
3.785189594584455891e-02
2.111084832849128845e-01
5.063461769889767705e-01
-3.787167939670337269e-01
-9.119748429972740489e-02
2.538277827152748620e-02
-4.467930598148939780e-01
3.298030706583635063e-01
3.184377699035059184e-01
9.324583002070940818e-02
-5.215314089470105691e-02
-2.092926468288541231e-01
1.958862418737707389e-01
9.716190476598060566e-02
4.200146871072648613e-01
7.010047101600526132e-01
-5.089918465534120501e-02
1.529680139510258552e-01
4.616561622590322628e-02
2.209775993864016852e-01
6.488837406219414294e-01
-3.025039186100432764e-01
2.820974428041260751e-01
3.603304243732089462e-01
-1.417156230951138740e-02
-1.324872207401234236e-01
4.677205938590091039e-01
-1.798777128424111083e-01
-7.978846356324145739e-02
-4.473235770958446378e-01
-1.100708515538772053e-01
-7.723882215134223461e-01
-1.567652300102342078e-01
3.579573237930411822e-01
1.657971929146138598e-02
1.550959109556346027e-01
2.170518755913620756e-01
2.480239223523519887e-01
4.166736500369233598e-01
1.088292315653205250e-01
6.688764979561847568e-01
1.217461596249766326e-01
6.578245738437102919e-01
-6.403013151137793013e-02
2.017837850336446082e-01
2.121618641839944364e-01
-9.687232206151502600e-02
-1.945504351179054847e-01
-2.194751732120447385e-01
-4.126639359179729016e-01
4.463358832255568953e-01
-1.716552966033532968e-01
1.702313622620407751e-01
1.172810972159916282e-01
-1.001918689340584312e-01
-3.278912996119125456e-01
-1.902735156926624038e-01
-3.025849435414530997e-01
1.541789984526313953e-02
5.148072203532984281e-02
3.352898110804834464e-01
-2.734864398768705462e-01
2.238768990445662299e-01
5.074669830031702800e-01
5.982020968419727858e-01
3.246173164132332145e-01
4.033327645936977124e-01
-4.049660421080077954e-01
2.336157266425980539e-01
6.375608211670038550e-01
-1.990694366153712980e-01
-2.364174815703525695e-02
-6.506114783961083337e-01
-2.555020836048294552e-01
-1.436264513364672313e-01
6.359603492135645908e-01
5.383106787484138733e-01
3.363434024212121343e-01
-7.909338526377889256e-01
1.330036847008967404e-01
-5.924571294850473901e-02
7.203031894719109651e-01
1.744997938985682617e-01
2.950709679144586928e-01
-9.219103972618385157e-02
-1.158238832119403150e-01
4.327097866258412528e-01
-5.243497471444821256e-01
1.109396218528217598e-01
3.440006249270410876e-01
-4.151965838322371760e-01
-3.422060017883641336e-01
4.577700012207230329e-01
3.209769642076697460e-01
-5.954998387870957810e-01
-5.631593502971750098e-01
-1.402455479990914466e-01
-7.062109613636848859e-01
8.320158341910449673e-02
2.940517899396067891e-01
3.653274827012165660e-01
1.358223931870673751e-01
-2.333521720896962470e-02
-8.535638603627421217e-02
2.484188147950864775e-02
