3.268863960119542389e-01
5.104424713581352524e-01
6.829894272276050282e-01
-3.191060764822533091e-01
-1.703511109986799443e-02
1.870712502047675585e-01
-2.573398087655864308e-01
3.863344033590105364e-01
3.780680157313823231e-01
7.955431499198441919e-03
2.294149449042796052e-01
2.679524558452529015e-01
5.296848437367731588e-01
2.898567614811013993e-01
-4.174612554472157712e-03
-6.327726118302499925e-02
-3.921926036373497571e-01
-2.611481659200530214e-01
-5.555828560369103358e-02
-8.433238143680425736e-02
5.471117181494782322e-01
2.487768493707330775e-01
-5.165941128184797781e-01
1.581342589662270981e-01
6.123896397485750764e-01
-2.935597309344722405e-01
-2.957790542677140588e-01
-5.359524929780365987e-01
2.018428640598829704e-01
-7.450000035082681160e-01
-3.030504227622363156e-01
-5.872248344211904447e-01
3.550210385187656248e-02
1.181842282701004165e-01
-7.280563728438053106e-01
4.542170321391523768e-01
-6.417238253850684471e-01
-1.242651874673307705e-01
1.569167248605783660e-01
-4.682659648995105006e-01
4.077858263955967399e-01
7.838594313460905960e-01
3.976267339559989566e-01
-8.573362352962686506e-02
-2.572811830252247703e-02
-6.407756391618982805e-01
-5.746543805922760262e-01
-3.493771420850412812e-01
-7.147066008906257650e-01
2.843928328413070084e-01
-2.233869252183935394e-01
7.205325198345333693e-01
-5.875029829068248999e-01
1.057360322085454940e-01
-5.645285814781246803e-01
1.953499621173326040e-01
-5.277740707389017016e-01
7.191773936531238587e-02
-8.525813946269129584e-01
-2.047324830273290763e-01
-4.521473162958367098e-01
-4.171453155520211675e-01
5.585899070740351080e-01
-5.261210387657598853e-01
-6.062012491816496373e-01
4.416849576685696194e-02
1.715180751621705468e-01
6.158474851061928046e-01
-2.064698271899045035e-01
2.833323203669454449e-01
1.907223036492502466e-01
1.836239084698671614e-02
-2.840588427155172901e-01
-9.462445463035991378e-02
6.873309408034486978e-01
1.559075832738051615e-01
-3.557735455937791613e-01
3.142790218862462903e-01
-7.029117114520568865e-01
-2.716176844549739872e-03
2.324512526590947759e-01
-5.813220149567601162e-04
1.270467007396677188e-03
-3.818058043908128911e-04
