3.765629004155775506e-01
5.048015559543478359e-02
5.888381437337197183e-02
-5.624711516264923050e-01
1.755419929450644512e-01
3.857906045122413974e-02
-7.809775287984570546e-01
-4.369696071224029033e-01
6.135481043110815325e-01
-1.433391053169576768e-01
1.579916749169067713e-01
3.186747030094332911e-01
3.332353988884766138e-02
5.252499396637636542e-01
-5.679474516892321079e-01
3.124646976123428566e-01
3.401980644638353257e-01
3.503815446810446543e-01
-2.864706919432530308e-01
1.959279834864155745e-01
-3.046712245861496471e-02
7.988263173813410500e-02
4.533057499834912130e-01
-2.150263524504708312e-01
6.637139560851613718e-01
2.633209532265770036e-01
1.958134883270007953e-01
6.388348829754751657e-02
2.530521122888468311e-01
-5.219257862207059562e-01
4.417796588653781498e-02
-5.784423980754382910e-01
-1.636439658534188379e-01
-7.205075029016644317e-02
-2.266699575862151650e-01
4.918676292373555525e-01
-2.106094608470452934e-01
-5.842764292877202781e-01
-1.684051173596602669e-01
4.786965680508634691e-01
-5.350662784675015438e-01
-1.202018871014350482e-01
3.450656112654236773e-01
5.953784120134615332e-01
1.961517377569913997e-02
1.882219536367949475e-01
1.853634013579760209e-01
6.839288131488255318e-02
-9.523830152489397294e-02
7.082643678730958514e-02
-6.866598851993236385e-01
2.865488660292547229e-01
2.040984275294747963e-01
-1.215269209970200881e-01
2.196587189672349061e-01
5.626261060346409160e-01
6.947758133187992291e-01
-4.689570302388278850e-02
-8.420319750601083786e-02
-2.317768532167508236e-02
-1.740854708385834726e-01
-9.091738374108432330e-02
-2.390421324152625926e-01
7.013409000389708714e-01
-4.275000723376914946e-01
-6.036313464459333034e-01
-3.395447061003020739e-01
4.814826620323595652e-01
3.656139700176754825e-01
-5.949383015503323380e-01
-3.043763770656845447e-01
5.389625783808774662e-01
-5.534038406709517188e-01
-1.407723328524030093e-01
-2.797085114588076515e-01
-3.405741582428769565e-01
-5.141802088547702265e-01
2.210522707916949200e-02
-3.674490044096119790e-01
8.767755913009166180e-02
-6.521493690880686422e-01
2.656378353325576369e-01
4.233378183332621170e-01
2.127235039708027520e-01
1.451438043468647292e-02
4.609556241939449239e-01
-5.802584043556661131e-01
3.686622880051468876e-01
1.221307077477517267e-01
-3.480846273563054094e-01
-1.070377357424976000e-01
-1.188911134572955136e-01
1.715590687339908493e-01
-1.081039227091949301e-01
1.638288696968076205e-02
-8.886893617533400680e-02
2.854364291155315203e-01
4.160908116370503618e-01
3.386280739443120469e-01
-7.785656544918617694e-02
9.335360036812599682e-02
-1.355374083429763676e-01
4.599047636450331183e-02
3.533208184567767085e-01
5.259877019752809968e-01
2.094319175158539381e-01
-1.359553179385318000e-01
5.753884173880111641e-01
-3.478944047017740737e-01
6.496924397629632031e-01
-6.773431411084275544e-02
-1.117964931116556676e-01
-4.274098940606541053e-01
-7.506360144451781347e-01
-1.079726184987767762e-01
-2.590559674672220924e-01
1.801642801775940883e-01
-3.752698360013955181e-01
2.002457762318079482e-01
-3.892041061217620807e-02
1.640572891821351909e-01
6.771090212262180774e-01
-4.574589524155085463e-01
-2.655276353881193541e-01
8.940041594189483687e-02
3.832855365624447952e-01
8.761918488894129831e-02
1.955729125625874920e-01
3.986954628749225793e-01
2.265518683574283543e-01
-7.571831711655412078e-02
-2.147187709093062169e-01
4.477410762301178293e-01
1.304227456730338956e-02
1.370905122074050075e-01
-1.150515341195824520e-01
-1.574630213043640703e-01
3.821141360791980301e-01
3.209341948993134075e-01
-5.352148409112186811e-02
7.795968731822564002e-02
-2.593356988084041248e-01
-2.494371851441039567e-01
-4.681989184720734554e-01
1.588319717854884960e-01
5.987661654322505578e-02
4.207916183807048349e-01
5.103607788803529166e-01
4.828421627573419861e-01
-2.904982505087677080e-01
2.527162441462692533e-01
-2.567488095430555672e-01
1.207083398041979561e-01
4.318631934178023823e-01
7.838767542276737776e-01
1.198180790033239879e-01
-4.912568647023961566e-01
3.934512832750958200e-01
4.197639961325642655e-01
4.406897132120342064e-01
3.843803129089471415e-01
-6.592427047264981521e-01
2.986813934927411984e-01
-7.863907366595652981e-02
2.029169335042509403e-01
-4.830535020766993370e-01
-8.697325390949972590e-03
5.941137745261040326e-01
4.682857225194386186e-01
-1.066103510472047600e-01
3.039413257452409090e-01
-2.222855494745391292e-01
4.083339143653305636e-01
4.659206917484918775e-01
4.496116092497214334e-01
1.338135100273058486e-01
-1.027273850983101006e-01
-1.802893801617113378e-01
2.182966827002571497e-01
4.639322896255081985e-01
5.656218186993842156e-01
-3.139891030966174834e-01
4.864638285154466307e-02
2.902152851352236551e-01
1.326827905778925620e-01
-1.128836450243812448e-02
-7.748540538180490045e-02
3.327337122878733233e-02
8.538513647450274302e-02
1.512690847642340353e-01
-4.639814372088555960e-01
-2.948358629583198720e-01
-1.799418943820667027e-01
1.509221643435664784e-01
6.678403986443736118e-01
-1.861280548516020816e-01
-2.051481924195280512e-02
-3.341385433234448921e-01
3.160011560743464232e-02
-2.318627514151493096e-01
5.432918789311417251e-01
-3.009592651199304303e-01
-2.665364832993414868e-01
-1.404045832244776304e-01
1.435958000283589775e-01
2.398424411314405424e-01
1.245817190645513162e-01
4.573169495613711999e-01
-3.105644847932025887e-01
-1.585620714510407592e-01
-1.740609860283512944e-01
6.993964265255184776e-01
-4.919588211497339381e-01
-6.949488932236914662e-01
1.228229673199945221e-01
3.008582994168019012e-02
-6.417963988641106621e-01
-9.621460983131760458e-02
-2.460770456733211292e-02
1.611099932486082520e-01
-3.939733655877940000e-01
-2.839259545719137745e-01
2.489402445693783550e-01
-1.709110755333171083e-01
-7.130406392753788625e-01
3.154731955090850914e-01
4.159067960761174410e-02
-2.550220235011848580e-01
-2.824697891604301403e-01
-2.202190369623718280e-01
-4.011364185576494212e-01
-2.599191971452790018e-01
5.990377562951957474e-02
-2.786851541945467026e-01
1.686302479020607148e-01
3.406168175537445664e-01
4.742000823651887909e-01
7.470163314185375436e-02
-2.527313349518902630e-01
7.942489437025694876e-01
5.917481108546926438e-02
-5.641814446442499076e-01
2.601737036399454084e-01
-2.069021855667481924e-01
6.038671575173818473e-01
4.350301523309874629e-01
-5.927449378068379987e-02
1.461393457333692858e-01
4.850808449396666611e-02
5.011394354721250277e-01
-4.914513732986955374e-01
1.115426301252790825e-01
7.289735194220629821e-02
1.531693084108527725e-01
1.312745732681708521e-01
6.053100069326249333e-01
1.987357841004189773e-01
-1.709856538644748958e-01
1.383416328950411722e-01
1.337397149861553891e-01
2.462120813222892501e-01
1.498212594573586076e-01
-2.077061777271138332e-01
5.514115899829375583e-02
2.046542377611629826e-01
5.446679255911100748e-02
6.574727963831767941e-01
-5.078645763272438690e-02
5.149200504589945826e-01
-3.132009379959282969e-02
-2.799284503716403250e-01
4.979361430601063621e-01
-4.188839752526436477e-01
2.912251423858955857e-01
-1.365738918770998123e-01
2.726255739736517525e-02
-1.201801993798076451e-01
2.148413303550105735e-01
-6.054585385696573813e-02
-5.004314827226676865e-01
-1.202580302552546943e-01
-3.206809592073747717e-01
-4.597792071276204373e-01
-7.138864181293519406e-01
-7.432272295913669446e-02
-2.205526324591656484e-01
-7.962100219243510857e-01
5.124423979242682670e-01
6.455554782258754454e-01
1.850054187959276897e-01
-3.699292002371745713e-01
-1.919566891316313029e-01
-3.108854608228596161e-01
3.496045631122763897e-01
-4.365547524672350743e-01
-6.606896543537620348e-01
-1.370406044705669291e-01
4.422648821532259578e-01
2.611748927795136122e-01
2.175519525570618895e-01
-4.913513092538187021e-01
-7.353356700189154181e-03
-3.975532828240920247e-01
-2.006340700299982516e-01
-1.162410112453482330e-01
-2.659499428757776118e-01
1.395191869125120832e-01
-2.671915555036437073e-01
-5.332029478800757172e-01
-2.990396851847207382e-01
4.909250711356843294e-02
6.394998216269658364e-01
-8.657324651864355125e-02
-4.413894918688420765e-01
8.483313292880510781e-02
1.591184777501543635e-01
3.013796991535098724e-01
-5.590523773961795229e-01
-6.077716558845749351e-01
1.625367895495702097e-01
-2.745859967466321994e-01
7.219053574018944319e-01
3.017743661687740109e-01
2.242012086709389840e-01
3.738961151383264347e-01
-3.171187007477077047e-01
7.218125525027848655e-01
7.714419928492222134e-02
-8.140505721027839134e-03
-2.420957060683225914e-01
7.868219125498976396e-01
2.134609013999113902e-01
-4.086057945450749518e-02
-7.723235402004136052e-01
-1.939984703844418734e-01
9.720854743701740075e-02
-4.798084816181885093e-01
-2.450399885592276505e-01
4.361413485871339368e-01
2.305936552716126298e-01
5.070623119702734050e-01
-1.520001964113397996e-01
1.926164082741519401e-01
-4.851509377570961679e-01
-3.123397035375776731e-01
-9.891298912468808602e-02
-2.076259885621415113e-01
-1.402002855200206455e-01
2.052747375550511080e-02
-1.612432718817284616e-02
4.114681447286766547e-01
-2.519248688973938499e-01
1.740336173477108617e-01
-5.357244866538072303e-01
-6.750819786454451132e-02
2.025759758845202194e-02
2.374494215798270413e-01
-4.675419654334115327e-01
1.691845398672940093e-01
-2.623663199834226911e-01
-2.422120045120508547e-02
3.091853849771116214e-01
2.264185392728374768e-01
6.928952997211176301e-01
4.268539900412465782e-01
-2.315037472553938824e-01
2.676028015707529462e-01
-2.978507940643498886e-01
3.580140416028215200e-01
-1.335931718763511411e-01
7.379973883496341314e-01
5.826558108269230124e-02
-4.098798002812063523e-01
-5.374486712067928496e-01
1.860205195442282411e-01
-5.861109560684255732e-02
-5.619228821518487127e-01
-1.982405930972709618e-01
7.621585890743315383e-01
-1.980261889284503363e-01
3.304329425012577093e-01
-4.081655221725172256e-01
-3.574421972692368721e-01
5.138775485802824505e-01
